layout_spectrum: 0.8810623
typography_spectrum: 0.9665603
color:
  lightness: 0.9165261
  brandStrength: 0.2856645
  saturation: 0.8583474
  rhythmicContrast: 0.9721754
name: Pin It Accessories
